1363154400022 	4	0	240	0
1363157973098 	28	27	3659	3538
1363157982040 	57	102	7335	110349
1363157983019 	4	0	240	0
1363157984040 	15	12	1938	2910
1363157984041 	24	9	6960	690
1363157985059 	19	128	1177	16852
1363157985066	24	27	2481	24681
1363157985069 	18	138	1080	186852
1363157985079 	6	3	360	180
1363157986029 	3	3	1938	180
1363157986041 	3	3	180	180
1363157986072 	21	18	9531	2412
1363157988072 	2	2	120	120
1363157990043 	69	63	11058	48243
1363157991076 	2	4	132	1512
1363157992093 	15	9	918	4938
1363157993044 	15	12	1527	2106
1363157993055 	18	15	1116	954
1363157995033 	20	20	3156	2936
1363157995052 	4	0	264	0
1363157995074 	20	16	4116	1432
1363157995093 	12	12	3008	3720
